[gd_scene load_steps=7 format=2]

[ext_resource path="res://entities/Tooth.gd" type="Script" id=1]
[ext_resource path="res://assets/sound/breathe.wav" type="AudioStream" id=2]
[ext_resource path="res://assets/models/tooth/Tooth.tscn" type="PackedScene" id=3]
[ext_resource path="res://entities/Tentacle.tscn" type="PackedScene" id=4]
[ext_resource path="res://assets/models/inside/Inside.tscn" type="PackedScene" id=5]
[ext_resource path="res://assets/models/screw_socket/ScrewSocket.tscn" type="PackedScene" id=6]

[node name="Inside" type="Spatial"]

[node name="Inside" parent="." instance=ExtResource( 5 )]

[node name="AudioStreamPlayer3D" type="AudioStreamPlayer3D" parent="."]
transform = Transform( 0.959933, -3.94557e-07, 0.280231, -0.136209, 0.873925, 0.466586, -0.244901, -0.486061, 0.838909, 20.8185, -25.9853, -2.52324 )
stream = ExtResource( 2 )
autoplay = true
max_distance = 33.0

[node name="Tooth" parent="." instance=ExtResource( 3 )]
transform = Transform( 0.901206, -1.49012e-08, -0.433392, 0.179222, 0.910489, 0.372679, 0.394598, -0.413534, 0.820538, 21.3629, -26.3059, -3.05674 )
script = ExtResource( 1 )

[node name="Generic6DOFJoint" type="HingeJoint" parent="Tooth"]
transform = Transform( -2.98023e-08, 1.49012e-08, -1, -2.98023e-08, 1, 1.49012e-08, 1, 0, -2.98023e-08, -9.53674e-07, -1.90735e-06, -0.137022 )
nodes/node_a = NodePath("..")
nodes/node_b = NodePath("../../Inside")
params/bias = 0.99
angular_limit/enable = true
angular_limit/upper = 15.0
angular_limit/lower = -15.0
angular_limit/relaxation = 0.01

[node name="Tooth3" parent="." instance=ExtResource( 3 )]
transform = Transform( 0.965423, -2.23517e-08, 0.26069, -0.107804, 0.910489, 0.399235, -0.237355, -0.413534, 0.879006, 20.639, -26.3174, -3.08208 )
script = ExtResource( 1 )

[node name="Generic6DOFJoint" type="HingeJoint" parent="Tooth3"]
transform = Transform( -1.49012e-08, -7.45058e-09, -1, -5.96046e-08, 1, 7.45058e-09, 1, -2.98023e-08, -5.96046e-08, 0, 1.90735e-06, -0.137023 )
nodes/node_a = NodePath("..")
nodes/node_b = NodePath("../../Inside")
params/bias = 0.99
angular_limit/enable = true
angular_limit/upper = 15.0
angular_limit/lower = -15.0
angular_limit/relaxation = 0.01

[node name="Tooth4" parent="." instance=ExtResource( 3 )]
transform = Transform( -0.933071, 0.0731549, -0.352173, 0.0372196, 0.99348, 0.107758, 0.35776, 0.0874381, -0.929711, 21.2254, -26.179, -2.20854 )
script = ExtResource( 1 )

[node name="Generic6DOFJoint" type="HingeJoint" parent="Tooth4"]
transform = Transform( 0, 0, -1, -2.23517e-08, 1, -3.72529e-09, 1, 0, -2.98023e-08, -1.90735e-06, 0, -0.137023 )
nodes/node_a = NodePath("..")
nodes/node_b = NodePath("../../Inside")
params/bias = 0.99
angular_limit/enable = true
angular_limit/upper = 15.0
angular_limit/lower = -15.0
angular_limit/relaxation = 0.01

[node name="Tooth5" parent="." instance=ExtResource( 3 )]
transform = Transform( -0.947365, -0.308898, 0.0841462, -0.268963, 0.91047, 0.31417, -0.173659, 0.275002, -0.94563, 20.5578, -26.1431, -2.0384 )
script = ExtResource( 1 )

[node name="Generic6DOFJoint" type="HingeJoint" parent="Tooth5"]
transform = Transform( -4.47035e-08, -1.49012e-08, -1, -5.96046e-08, 1, 1.11759e-08, 1, 2.98023e-08, -4.47035e-08, -9.53674e-07, 0, -0.137022 )
nodes/node_a = NodePath("..")
nodes/node_b = NodePath("../../Inside")
params/bias = 0.99
angular_limit/enable = true
angular_limit/upper = 15.0
angular_limit/lower = -15.0
angular_limit/relaxation = 0.01

[node name="Tooth2" parent="." instance=ExtResource( 3 )]
transform = Transform( 0.856601, 0.133667, 0.498366, -0.213375, 0.971173, 0.106274, -0.469794, -0.197373, 0.860428, 20.1147, -26.3365, -2.79644 )
script = ExtResource( 1 )

[node name="Generic6DOFJoint" type="HingeJoint" parent="Tooth2"]
transform = Transform( -8.9407e-08, 2.23517e-08, -1, -1.49012e-08, 1, 2.98023e-08, 1, 2.98023e-08, -2.98023e-08, 1.90735e-06, -3.8147e-06, -0.137022 )
nodes/node_a = NodePath("..")
nodes/node_b = NodePath("../../Inside")
params/bias = 0.99
angular_limit/enable = true
angular_limit/upper = 15.0
angular_limit/lower = -15.0
angular_limit/relaxation = 0.01

[node name="Tentacle" parent="." instance=ExtResource( 4 )]
transform = Transform( 0.762797, 0.637023, -0.111093, 0.630657, -0.770843, -0.0898446, -0.142869, -0.00152843, -0.989739, 16.7139, -29.5231, -1.11526 )

[node name="Tentacle2" parent="." instance=ExtResource( 4 )]
transform = Transform( 0.549867, -0.550202, -0.628428, -0.530131, -0.811307, 0.246457, -0.64545, 0.197631, -0.73779, 19.1015, -33.8617, -2.27108 )

[node name="Tentacle4" parent="." instance=ExtResource( 4 )]
transform = Transform( -0.669365, -0.613006, -0.419729, -0.456024, 0.785022, -0.419262, 0.586508, -0.0892331, -0.805012, 21.2821, -38.0234, -2.9931 )

[node name="Tentacle3" parent="." instance=ExtResource( 4 )]
transform = Transform( 0.913232, -0.14957, 0.378992, -0.404163, -0.21484, 0.889097, -0.0515595, -0.965128, -0.256649, 16.0772, -33.296, 1.69942 )

[node name="ScrewSocket" parent="." instance=ExtResource( 6 )]
transform = Transform( 0.923344, -0.270869, -0.272149, 0, 0.70877, -0.705439, 0.383973, 0.651363, 0.65444, 21.1345, -34.7447, -14.1377 )

[node name="ScrewSocket3" parent="." instance=ExtResource( 6 )]
transform = Transform( 0.931895, -0.0598607, -0.357754, -0.271538, 0.5388, -0.797472, 0.240495, 0.840304, 0.485851, 21.9481, -35.8682, -13.0027 )

[node name="ScrewSocket2" parent="." instance=ExtResource( 6 )]
transform = Transform( 0.952755, 0.236088, 0.191104, 0.0807216, 0.409738, -0.908625, -0.292818, 0.881123, 0.371322, 23.0284, -37.0386, -12.5153 )
is_demo = true

[node name="OmniLight" type="OmniLight" parent="."]
transform = Transform( 1, 0, 0, 0, 1, 0, 0, 0, 1, 22.0407, -34.9832, -11.8326 )
light_color = Color( 1, 0.701961, 0.929412, 1 )
light_energy = 0.3
