[gd_scene load_steps=9 format=2]

[ext_resource path="res://assets/models/main_room/MainRoom.tscn" type="PackedScene" id=1]
[ext_resource path="res://assets/models/joiner/Joiner.tscn" type="PackedScene" id=2]
[ext_resource path="res://assets/models/tooth/Tooth.tscn" type="PackedScene" id=3]
[ext_resource path="res://assets/sound/breathe.wav" type="AudioStream" id=4]
[ext_resource path="res://entities/Tooth.gd" type="Script" id=5]
[ext_resource path="res://entities/Tentacle.tscn" type="PackedScene" id=6]

[sub_resource type="CubeMesh" id=1]
size = Vector3( 0.5, 2, 0.25 )

[sub_resource type="ConvexPolygonShape" id=2]
points = PoolVector3Array( -0.25, 1, 0.125, 0.25, 1, -0.125, 0.25, 1, 0.125, -0.25, 1, -0.125, -0.25, -1, 0.125, 0.25, -1, -0.125, 0.25, -1, 0.125, -0.25, -1, -0.125, 0.25, 1, 0.125, -0.25, 1, -0.125, 0.25, 1, -0.125, -0.25, 1, 0.125, 0.25, -1, 0.125, -0.25, -1, -0.125, 0.25, -1, -0.125, -0.25, -1, 0.125, 0.25, 1, 0.125, -0.25, -1, 0.125, -0.25, 1, 0.125, 0.25, -1, 0.125, 0.25, 1, -0.125, -0.25, -1, -0.125, -0.25, 1, -0.125, 0.25, -1, -0.125 )

[node name="MainRoom" type="Spatial"]

[node name="MainRoom" parent="." instance=ExtResource( 1 )]

[node name="Joiner" parent="." instance=ExtResource( 2 )]
transform = Transform( -4.37114e-08, 0, -1, 0, 1, 0, 1, 0, -4.37114e-08, -0.2, 0, 0 )

[node name="Joiner2" parent="." instance=ExtResource( 2 )]
transform = Transform( 0.951451, -0.136407, -0.275924, 0.016352, 0.917573, -0.39723, 0.307365, 0.373433, 0.875256, 9.01203, 3.42687, -6.3904 )

[node name="Joiner3" parent="." instance=ExtResource( 2 )]
transform = Transform( 0.889873, -0.163555, -0.425882, 0.0106422, -0.92583, 0.37779, -0.456084, -0.340718, -0.82213, 9.08789, -1.62947, 7.43581 )

[node name="Joiner4" parent="." instance=ExtResource( 2 )]
transform = Transform( -0.0341711, -0.377928, -0.925204, 0.0106422, -0.92583, 0.37779, -0.999359, 0.00306325, 0.0356586, 14.0999, -1.19421, -0.102376 )

[node name="RigidBody" type="RigidBody" parent="."]
transform = Transform( 1, 0, 0, 0, 1, 0, 0, 0, 1, 7.35148, -1.62265, 0 )
gravity_scale = 0.0

[node name="MeshInstance" type="MeshInstance" parent="RigidBody"]
mesh = SubResource( 1 )
material/0 = null

[node name="CollisionShape" type="CollisionShape" parent="RigidBody"]
shape = SubResource( 2 )

[node name="SliderJoint" type="SliderJoint" parent="RigidBody"]
nodes/node_a = NodePath("..")
nodes/node_b = NodePath("../../MainRoom")

[node name="AudioStreamPlayer3D" type="AudioStreamPlayer3D" parent="."]
transform = Transform( 0.959933, 5.95795e-09, 0.280231, -0.136209, 0.873925, 0.466586, -0.244901, -0.486061, 0.838909, 20.8185, -27.1352, -2.52324 )
stream = ExtResource( 4 )
autoplay = true
max_distance = 33.0

[node name="Tooth" parent="." instance=ExtResource( 3 )]
transform = Transform( 0.901206, -1.49012e-08, -0.433392, 0.179222, 0.910489, 0.372679, 0.394598, -0.413534, 0.820538, 21.3629, -26.3059, -3.05674 )
script = ExtResource( 5 )

[node name="Generic6DOFJoint" type="HingeJoint" parent="Tooth"]
transform = Transform( -4.37114e-08, 0, -1, -2.98023e-08, 1, 0, 1, 0, -4.37114e-08, 0, 0, -0.137022 )
nodes/node_a = NodePath("..")
nodes/node_b = NodePath("../../MainRoom")
params/bias = 0.99
angular_limit/enable = true
angular_limit/lower = -45.0
angular_limit/relaxation = 0.01

[node name="Tooth3" parent="." instance=ExtResource( 3 )]
transform = Transform( 0.965423, -2.23517e-08, 0.26069, -0.107804, 0.910489, 0.399235, -0.237355, -0.413534, 0.879006, 20.639, -26.3174, -3.08208 )
script = ExtResource( 5 )

[node name="Generic6DOFJoint" type="HingeJoint" parent="Tooth3"]
transform = Transform( -4.37114e-08, 0, -1, -2.98023e-08, 1, 0, 1, 0, -4.37114e-08, 0, 0, -0.137022 )
nodes/node_a = NodePath("..")
nodes/node_b = NodePath("../../MainRoom")
params/bias = 0.99
angular_limit/enable = true
angular_limit/lower = -45.0
angular_limit/relaxation = 0.01

[node name="Tooth4" parent="." instance=ExtResource( 3 )]
transform = Transform( -0.933071, 0.0731549, -0.352173, 0.0372196, 0.99348, 0.107758, 0.35776, 0.0874381, -0.929711, 21.2254, -26.179, -2.20854 )
script = ExtResource( 5 )

[node name="Generic6DOFJoint" type="HingeJoint" parent="Tooth4"]
transform = Transform( -4.37114e-08, 0, -1, -2.98023e-08, 1, 0, 1, 0, -4.37114e-08, 0, 0, -0.137022 )
nodes/node_a = NodePath("..")
nodes/node_b = NodePath("../../MainRoom")
params/bias = 0.99
angular_limit/enable = true
angular_limit/lower = -45.0
angular_limit/relaxation = 0.01

[node name="Tooth5" parent="." instance=ExtResource( 3 )]
transform = Transform( -0.947365, -0.308898, 0.0841462, -0.268963, 0.91047, 0.31417, -0.173659, 0.275002, -0.94563, 20.5578, -26.1431, -2.0384 )
script = ExtResource( 5 )

[node name="Generic6DOFJoint" type="HingeJoint" parent="Tooth5"]
transform = Transform( -4.37114e-08, 0, -1, -2.98023e-08, 1, 0, 1, 0, -4.37114e-08, 0, 0, -0.137022 )
nodes/node_a = NodePath("..")
nodes/node_b = NodePath("../../MainRoom")
params/bias = 0.99
angular_limit/enable = true
angular_limit/lower = -45.0
angular_limit/relaxation = 0.01

[node name="Tooth2" parent="." instance=ExtResource( 3 )]
transform = Transform( 0.856601, 0.133667, 0.498366, -0.213375, 0.971173, 0.106274, -0.469794, -0.197373, 0.860428, 20.1147, -26.3365, -2.79644 )
script = ExtResource( 5 )

[node name="Generic6DOFJoint" type="HingeJoint" parent="Tooth2"]
transform = Transform( -4.37114e-08, 0, -1, -2.98023e-08, 1, 0, 1, 0, -4.37114e-08, 0, 0, -0.137022 )
nodes/node_a = NodePath("..")
nodes/node_b = NodePath("../../MainRoom")
params/bias = 0.99
angular_limit/enable = true
angular_limit/lower = -45.0
angular_limit/relaxation = 0.01

[node name="Tentacle" parent="." instance=ExtResource( 6 )]
transform = Transform( 0.762797, 0.637023, -0.111093, 0.630657, -0.770843, -0.0898446, -0.142869, -0.00152843, -0.989739, 16.7139, -29.5231, -1.11526 )

[node name="Tentacle2" parent="." instance=ExtResource( 6 )]
transform = Transform( 0.549867, -0.550202, -0.628428, -0.530131, -0.811307, 0.246457, -0.64545, 0.197631, -0.73779, 19.1015, -33.8617, -2.27108 )

[node name="Tentacle4" parent="." instance=ExtResource( 6 )]
transform = Transform( -0.669365, -0.613006, -0.419729, -0.456024, 0.785022, -0.419262, 0.586508, -0.0892331, -0.805012, 21.2821, -38.0234, -2.9931 )

[node name="Tentacle3" parent="." instance=ExtResource( 6 )]
transform = Transform( 0.913232, -0.14957, 0.378992, -0.404163, -0.21484, 0.889097, -0.0515595, -0.965128, -0.256649, 16.0772, -33.296, 1.69942 )
