[gd_scene load_steps=5 format=2]

[ext_resource path="res://assets/models/main_room/MainRoom.tscn" type="PackedScene" id=1]
[ext_resource path="res://assets/models/joiner/Joiner.tscn" type="PackedScene" id=2]
[ext_resource path="res://assets/models/core_door/CoreDoor.tscn" type="PackedScene" id=3]
[ext_resource path="res://entities/DoorContainer.tscn" type="PackedScene" id=7]

[node name="MainRoom" type="Spatial"]

[node name="MainRoom" parent="." instance=ExtResource( 1 )]

[node name="Joiner" parent="." instance=ExtResource( 2 )]
transform = Transform( -4.37114e-08, 0, -1, 0, 1, 0, 1, 0, -4.37114e-08, -0.2, 0, 0 )

[node name="Joiner2" parent="." instance=ExtResource( 2 )]
transform = Transform( 0.951451, -0.136407, -0.275924, 0.016352, 0.917573, -0.39723, 0.307365, 0.373433, 0.875256, 9.01203, 3.42687, -6.3904 )

[node name="DoorContainer2" parent="." instance=ExtResource( 7 )]
transform = Transform( 0.951451, -0.136407, -0.275924, 0.016352, 0.917573, -0.39723, 0.307365, 0.373433, 0.875256, 9.16848, 3.6521, -6.88667 )
anchor_node_path = NodePath("../Joiner2")

[node name="Joiner3" parent="." instance=ExtResource( 2 )]
transform = Transform( 0.889873, -0.163555, -0.425882, 0.0106422, -0.92583, 0.37779, -0.456084, -0.340718, -0.82213, 9.08789, -1.62947, 7.43581 )

[node name="DoorContainer" parent="." instance=ExtResource( 7 )]
transform = Transform( -0.889873, 0.163555, -0.425882, -0.0106419, 0.92583, 0.37779, 0.456084, 0.340718, -0.82213, 9.33997, -1.85308, 7.92242 )
anchor_node_path = NodePath("../Joiner3")

[node name="CoreDoor" parent="." instance=ExtResource( 3 )]
transform = Transform( -0.0171907, -0.395886, -0.918139, 0.00291815, -0.91829, 0.395896, -0.999848, 0.00412649, 0.0169413, 14.2961, -1.27515, -0.00447119 )
