[gd_scene load_steps=5 format=2]

[ext_resource path="res://assets/models/joiner/Joiner.tscn" type="PackedScene" id=1]
[ext_resource path="res://assets/models/mines/Mines.tscn" type="PackedScene" id=2]
[ext_resource path="res://assets/models/gem/Gem.tscn" type="PackedScene" id=3]
[ext_resource path="res://assets/models/gem_socket/GemSocket.tscn" type="PackedScene" id=5]

[node name="Mines" type="Spatial"]

[node name="Mines" parent="." instance=ExtResource( 2 )]

[node name="Joiner" parent="." instance=ExtResource( 1 )]
transform = Transform( 1, 0, 0, 0, 1, 0, 0, 0, 1, 25.4316, -13.6588, 20.8985 )

[node name="Gem" parent="." instance=ExtResource( 3 )]
transform = Transform( 0.57729, 0.457729, 0.676181, -0.0774805, 0.855077, -0.51268, -0.812855, 0.243574, 0.529092, 22.2627, -15.7418, 31.0955 )

[node name="Gem2" parent="." instance=ExtResource( 3 )]
transform = Transform( 0.969999, 0.162244, -0.181046, -0.241971, 0.572435, -0.783434, -0.0234704, 0.803738, 0.59452, 29.249, -17.5585, 31.5547 )

[node name="Gem3" parent="." instance=ExtResource( 3 )]
transform = Transform( 0.938127, 0.242832, 0.246881, 0.163053, 0.319201, -0.933555, -0.305501, 0.916048, 0.259856, 19.4027, -9.56145, 21.8569 )

[node name="GemSocket" parent="." instance=ExtResource( 5 )]
transform = Transform( 0.991216, -0.111582, 0.0709978, 0.0278322, 0.700798, 0.712816, -0.129292, -0.704579, 0.697747, 25.6697, -14.2638, 26.2889 )

[node name="GemSocket2" parent="." instance=ExtResource( 5 )]
transform = Transform( 0.408206, 0.604363, -0.684188, 0.124076, 0.70579, 0.697471, 0.904419, -0.369603, 0.21312, 27.782, -14.0964, 27.4751 )

[node name="GemSocket3" parent="." instance=ExtResource( 5 )]
transform = Transform( 0.746931, -0.585444, -0.315198, 0.628729, 0.776119, 0.0483594, 0.21632, -0.234295, 0.947792, 23.7482, -14.1146, 27.9242 )
